0,0,229
160,7,229
0,0,231
35,83,236
35,238,255
34,236,255
35,140,254
35,151,252
29,255,207
30,255,239
33,255,241
33,255,236
34,255,245
33,255,255
34,255,255
35,255,239
35,255,234
35,255,227
35,255,234
35,255,229
35,255,240
36,255,250
36,255,255
36,255,244
34,181,235
34,184,229
32,125,223
33,126,209
30,108,197
30,127,191
33,122,200
34,111,204
34,125,211
33,114,201
34,125,199
33,133,155
32,118,148
32,118,151
29,120,149
30,127,148
31,128,147
31,114,151
33,119,165
35,118,185
34,90,190
35,78,197
35,60,196
34,104,188
28,109,164
28,104,162
30,112,175
32,106,174
29,101,175
28,111,175
33,116,177
32,106,176
34,111,180
33,107,179
30,128,176
30,125,181
33,127,187
33,126,186
29,116,180
29,125,178
32,129,178
32,136,176
29,125,174
145,102,146
124,255,44
121,255,52
123,255,44
122,255,48
123,255,42
124,255,52
126,255,36
124,255,38
122,255,36
124,255,36
123,255,36
127,255,42
126,255,38
126,255,36
126,255,40
123,255,36
123,255,30
124,255,36
124,255,36
123,255,38
127,255,36
123,255,30
124,255,40
121,255,32
124,255,32
124,255,32
123,255,36
123,255,32
123,255,32
124,255,32
122,255,40
124,255,38
127,255,32
123,255,38
123,255,38
123,255,38
124,255,36
123,255,36
121,255,42
124,255,38
124,255,38
123,255,42
121,255,38
121,255,44
125,255,36
121,255,42
123,255,32
127,255,32
130,255,30
129,255,38
137,187,60
134,255,33
31,61,255
35,74,241
34,206,239
32,222,253
34,255,158
30,241,255
35,255,254
34,255,248
34,255,252
34,255,239
35,255,250
35,255,247
36,255,255
36,255,251
36,255,251
36,255,246
36,255,245
36,255,238
36,255,241
36,255,239
36,255,244
36,255,237
35,192,223
34,194,215
33,150,208
33,137,202
32,117,203
32,113,196
30,110,199
32,109,191
33,114,197
33,107,190
33,103,193
32,103,186
33,107,190
34,116,181
31,118,170
28,110,172
32,117,177
32,106,183
29,108,185
29,103,188
28,104,183
28,110,177
30,108,173
31,110,172
28,116,173
29,112,173
32,116,175
31,119,176
28,117,177
27,114,178
31,119,177
30,125,176
28,113,177
28,105,176
29,113,177
30,113,174
29,117,175
28,117,176
31,116,177
31,112,177
28,110,183
30,113,183
30,115,182
29,120,170
28,115,152
28,127,152
27,138,162
25,119,170
28,115,168
29,119,169
29,124,172
28,120,175
28,124,178
28,123,179
32,121,184
31,111,194
32,110,199
33,95,203
33,94,204
33,93,205
31,85,202
29,88,203
29,94,202
33,103,196
33,104,196
33,108,192
32,116,187
33,115,186
33,107,190
34,107,195
32,102,194
32,99,196
33,110,188
31,111,176
32,116,174
32,113,175
32,107,180
33,98,193
33,97,197
33,101,200
33,98,196
32,103,195
29,100,195
29,105,195
33,100,208
34,84,213
30,68,217
30,74,219
34,86,212
33,102,199
33,114,195
32,101,194
33,105,195
33,96,192
29,109,192
31,116,186
32,120,171
29,124,162
29,121,156
29,113,150
31,116,149
29,115,151
28,122,149
28,121,152
30,129,150
29,127,151
26,117,152
26,123,159
31,120,161
28,125,167
29,126,175
32,122,182
33,115,188
32,110,191
33,113,191
33,105,193
31,99,191
30,106,193
33,101,194
33,105,194
33,103,197
33,99,198
34,106,198
34,104,199
33,106,194
33,118,190
33,115,182
29,122,176
27,127,171
28,119,169
29,118,168
31,125,178
29,117,186
28,119,197
32,112,193
32,107,186
33,117,182
29,119,178
29,119,182
29,111,184
33,116,186
31,125,177
26,128,154
27,122,154
28,118,157
29,122,164
28,113,173
31,115,175
29,121,175
27,117,179
32,107,181
32,112,179
31,108,179
32,109,181
28,111,182
30,102,184
31,83,192
35,50,217
78,43,235
35,76,232
33,99,214
32,96,200
33,106,193
32,122,175
28,133,164
26,120,160
29,127,166
32,117,181
33,110,195
33,99,195
35,100,203
35,117,201
32,111,185
31,126,174
31,117,175
33,100,191
31,96,195
29,85,196
32,101,188
30,110,173
32,121,170
31,114,167
30,124,169
29,117,170
31,115,168
32,112,173
29,111,178
31,110,179
34,120,183
33,114,178
30,116,172
30,117,171
33,124,171
32,118,171
34,128,179
34,121,178
31,223,171
32,214,175
35,255,177
34,255,180
33,164,175
31,174,170
31,116,163
33,123,158
31,108,167
29,103,178
30,114,183
30,120,184
32,110,184
32,114,183
34,114,187
33,109,183
35,126,188
35,123,187
34,116,186
34,115,188
32,109,184
33,112,186
33,109,189
34,110,188
32,108,180
29,113,171
32,116,156
32,118,146
28,119,146
28,127,145
32,119,144
31,117,143
28,116,143
28,114,139
32,116,139
31,121,143
31,122,147
28,125,158
33,125,165
34,120,176
32,108,185
33,99,187
35,119,190
35,112,186
33,110,187
33,107,191
35,104,198
35,107,198
34,102,195
34,101,193
35,106,196
34,111,191
31,199,179
31,203,179
34,255,191
35,255,199
37,255,216
36,255,216
36,255,216
36,255,212
36,255,210
36,255,199
37,255,202
36,255,201
36,255,202
37,255,204
37,255,206
37,255,204
36,255,205
36,255,213
37,255,215
36,255,216
37,255,217
36,255,214
36,255,212
36,255,207
36,255,200
36,255,197
37,255,196
36,255,192
36,255,186
36,255,187
36,255,186
36,255,186
35,255,186
35,255,184
35,255,184
35,255,184
36,255,185
35,255,186
36,255,190
36,255,196
36,255,202
37,255,207
37,255,214
37,255,219
37,255,222
38,255,221
36,255,220
37,255,222
37,255,228
36,255,234
36,255,236
36,255,231
37,255,225
37,255,219
37,255,213
36,255,212
37,255,212
37,255,212
37,255,213
37,255,211
36,255,207
36,255,208
36,255,210
36,255,210
36,255,209
36,255,209
36,255,209
36,255,205
36,255,205
36,255,205
36,255,207
36,255,209
37,255,220
36,255,237
36,255,237
36,255,228
36,255,225
37,255,224
37,255,215
37,255,206
36,255,200
36,255,199
36,255,199
36,255,199
36,255,200
36,255,204
36,255,206
36,255,204
36,255,204
36,255,206
37,255,210
36,255,209
36,255,206
36,255,208
36,255,207
36,255,208
36,255,206
37,255,203
37,255,201
37,255,199
36,255,198
36,255,199
37,255,201
37,255,202
36,255,199
36,255,196
36,255,198
36,255,196
36,255,198
36,255,197
36,255,196
36,255,196
36,255,195
36,255,197
36,255,196
36,255,195
36,255,195
36,255,194
36,255,196
36,255,196
36,255,197
36,255,201
36,255,204
36,255,209
36,255,207
36,255,206
36,255,199
36,255,197
35,255,188
35,255,187
35,255,186
36,255,187
36,255,190
36,255,196
36,255,199
36,255,197
36,255,203
37,255,202
37,255,202
37,255,200
36,255,196
36,255,197
35,255,195
35,255,197
36,255,197
36,255,197
36,255,198
36,255,198
36,255,198
36,255,193
36,255,194
36,255,191
36,255,191
36,255,187
37,255,186
36,255,186
36,255,187
36,255,190
36,255,195
36,255,195
36,255,196
35,255,194
35,255,194
36,255,196
36,255,193
36,255,190
35,255,189
36,255,194
36,255,193
36,255,195
36,255,197
36,255,194
35,255,191
35,255,187
36,255,184
35,255,180
36,255,182
35,255,181
36,255,177
35,255,169
36,255,171
36,255,178
36,255,200
37,255,222
36,255,212
37,255,209
33,255,193
32,255,191
30,239,179
31,243,178
30,181,180
30,192,175
32,191,169
32,183,166
32,149,166
30,157,177
32,121,196
29,144,175
27,140,151
28,126,166
28,136,179
27,138,175
30,248,176
30,236,177
31,255,174
32,255,199
34,255,218
34,255,174
33,255,158
33,255,160
34,255,165
34,255,165
35,255,167
35,255,166
34,255,161
34,255,166
35,255,176
36,255,175
35,255,168
36,255,165
35,255,161
35,255,165
36,255,172
36,255,173
35,255,171
35,255,172
35,255,172
35,255,177
35,255,183
34,255,187
30,220,178
31,229,179
28,147,180
29,150,178
27,134,186
25,126,180
25,120,179
26,110,178
28,114,176
28,117,174
28,118,173
29,116,177
28,117,174
28,116,175
27,117,175
27,121,174
29,118,175
29,121,170
32,122,167
31,117,167
28,121,169
29,121,172
31,117,182
29,111,180
26,112,177
26,115,172
26,113,170
26,124,171
29,122,160
30,127,159
27,127,165
29,119,165
30,122,162
29,131,166
29,130,164
30,124,165
29,118,166
27,122,170
27,121,167
27,125,169
29,124,164
29,127,165
32,124,165
32,127,163
29,124,166
29,125,168
30,128,166
29,130,167
27,114,169
28,124,168
29,122,166
28,125,164
29,129,164
29,127,165
29,121,165
30,117,165
29,126,165
29,126,165
29,130,166
29,128,166
28,128,167
29,128,166
29,122,166
29,120,166
33,125,167
32,124,166
29,123,166
28,119,168
28,119,168
31,122,166
28,114,169
29,114,172
27,118,173
26,112,172
29,124,167
29,118,170
33,126,168
33,123,167
30,121,167
30,126,167
32,124,164
33,125,163
29,126,165
29,121,164
26,126,169
27,127,168
28,122,165
27,122,166
30,123,162
29,120,161
28,123,168
25,117,171
29,107,169
29,116,171
27,117,171
27,116,172
31,120,166
29,127,167
29,122,166
28,121,167
27,122,173
26,112,172
29,121,170
29,121,169
29,115,170
29,120,170
32,118,169
30,123,169
28,121,173
29,122,170
29,126,167
29,129,168
29,116,169
30,126,164
29,123,166
28,126,167
30,122,166
29,120,168
30,124,168
30,124,169
28,114,169
28,115,169
26,120,173
27,122,177
32,109,187
32,101,190
33,99,191
33,97,192
33,110,191
34,104,188
34,107,182
31,115,167
34,108,155
34,105,151
33,110,151
33,100,153
33,111,153
31,113,157
33,120,158
34,123,161
29,114,163
29,116,169
32,119,177
32,116,183
29,107,186
29,117,178
28,118,176
28,122,172
29,116,170
28,118,170
25,112,173
25,124,171
28,119,173
27,111,168
26,123,170
26,123,172
27,125,169
28,118,171
28,122,171
29,115,169
28,109,166
29,116,160
29,108,159
33,102,152
32,110,159
30,105,159
34,107,161
32,103,164
35,114,167
34,117,165
32,102,156
33,106,154
29,123,166
26,122,174
27,115,173
28,116,174
28,128,165
26,127,169
26,124,169
25,114,171
27,125,169
26,114,169
27,124,168
29,120,162
26,116,168
25,115,172
26,114,174
26,116,174
26,103,173
26,108,176
28,112,177
27,114,175
28,116,172
29,109,173
26,118,177
26,109,178
28,117,175
29,117,177
27,121,176
28,120,179
29,125,184
29,116,184
29,121,186
30,114,187
33,118,187
33,121,187
29,115,182
29,117,181
30,123,180
33,117,179
29,116,182
30,117,180
30,117,179
33,122,179
35,117,181
34,117,179
134,79,170
179,255,124
163,255,131
129,255,63
123,255,40
122,255,52
122,255,42
122,255,44
122,255,38
122,255,38
121,255,32
123,255,32
133,255,123
33,166,165
30,164,176
29,154,177
30,166,181
30,152,179
31,152,177
31,165,179
30,148,181
29,140,181
30,134,178
31,140,180
29,147,184
29,140,185
29,132,182
29,139,182
29,134,182
28,133,178
29,132,175
30,129,176
32,135,177
33,135,179
29,123,176
30,125,177
32,130,184
32,135,186
30,119,181
28,129,179
32,129,170
32,130,168
27,124,173
29,127,168
29,124,167
29,121,168
28,131,171
29,124,168
28,120,169
29,128,172
28,121,177
30,119,180
30,116,183
31,114,186
33,110,190
33,119,190
32,120,186
31,120,184
31,112,188
31,111,188
32,106,190
32,98,189
34,105,192
34,117,192
33,107,187
32,106,187
31,110,185
32,113,183
32,111,184
30,111,184
31,109,189
31,99,193
34,97,207
34,98,202
31,99,191
31,98,187
31,103,185
32,107,186
33,108,190
33,107,193
32,99,198
31,86,225
32,85,228
30,85,210
31,100,192
31,91,188
33,106,191
33,107,188
33,106,188
35,119,191
29,109,188
31,110,188
31,102,194
32,99,210
31,92,246
150,86,255
35,84,249
33,115,210
32,123,185
31,121,167
27,110,161
27,118,156
27,112,152
29,118,155
31,108,156
29,110,154
26,111,157
26,112,160
31,108,158
31,110,156
26,113,156
28,115,158
28,112,156
28,111,162
34,109,178
90,106,223
124,64,255
140,65,255
35,122,214
31,122,184
34,123,189
34,113,190
33,80,218
115,23,255
146,9,255
143,25,255
140,11,255
145,12,255
94,16,255
99,44,255
150,57,255
144,40,255
158,26,255
158,29,255
113,63,231
45,63,200
35,72,199
35,64,213
173,29,247
173,73,229
31,124,163
29,112,154
26,118,179
30,108,207
31,83,202
32,94,200
28,99,195
28,103,190
29,112,182
28,119,178
26,109,178
27,117,180
27,114,176
29,115,174
28,124,174
28,120,173
25,122,172
26,109,164
28,111,162
29,115,161
27,122,166
27,115,170
27,114,180
29,117,184
33,106,189
34,114,206
78,102,234
35,119,204
29,117,167
28,115,166
30,106,159
30,104,153
25,103,154
26,120,154
25,113,159
24,101,154
28,106,156
31,118,174
31,92,216
31,99,208
31,98,189
30,103,186
33,105,189
33,109,191
32,98,187
31,109,190
31,93,194
31,91,195
31,103,192
31,103,190
33,109,191
33,110,187
33,110,188
32,110,185
29,114,181
29,114,178
30,112,177
30,122,176
28,127,176
26,118,180
30,129,180
29,122,178
26,135,180
26,130,177
25,120,179
27,109,178
27,115,177
26,115,178
28,136,176
28,151,179
27,140,179
27,140,180
28,142,179
28,144,179
27,138,178
28,145,176
29,146,177
29,143,181
28,135,183
28,134,186
31,133,184
30,132,181
28,130,186
28,128,185
28,129,184
28,121,185
27,128,184
28,124,183
27,127,183
27,121,186
30,130,185
30,131,181
27,130,186
29,127,180
30,130,178
29,133,178
28,136,181
28,131,177
30,129,177
30,127,181
30,131,181
31,130,179
28,134,184
29,128,188
27,129,186
29,128,189
31,139,186
32,125,187
29,116,186
29,123,187
29,128,188
28,119,190
30,122,187
29,128,189
30,128,188
30,121,187
29,121,187
28,125,190
29,128,186
28,116,187
30,124,187
30,125,185
29,126,189
29,119,187
32,126,185
30,125,182
28,125,183
29,123,185
28,122,188
29,121,185
28,131,184
29,122,183
31,130,180
30,125,178
29,127,182
29,122,184
29,126,179
28,122,181
32,132,181
32,138,180
29,132,183
30,131,182
29,125,185
29,125,187
32,131,182
32,130,183
30,125,178
29,