0,0,229
160,7,229
0,0,231
35,73,235
35,234,253
34,226,255
35,135,253
35,142,250
29,255,204
29,247,233
32,255,238
32,255,233
32,255,242
32,255,247
33,255,255
34,255,232
35,255,233
34,255,225
35,255,228
34,255,223
34,255,233
35,255,241
35,255,250
36,255,242
33,166,228
33,174,222
31,111,218
31,113,200
28,101,189
28,103,183
30,96,190
32,97,194
32,107,205
30,92,196
31,87,182
30,106,149
28,109,145
28,109,147
28,104,145
28,109,144
28,113,144
28,101,146
29,103,151
31,89,168
32,83,183
31,53,193
31,49,190
28,64,163
25,84,149
26,89,156
27,96,169
29,94,172
26,95,171
25,92,171
31,97,172
29,95,174
32,99,177
30,104,175
28,113,173
28,109,177
32,108,182
32,111,182
27,111,175
28,113,174
29,117,174
29,117,174
27,106,168
9,40,74
121,255,32
120,255,40
122,255,38
121,255,40
122,255,38
121,255,40
121,255,28
120,255,32
120,255,28
120,255,30
121,255,30
122,255,36
121,255,30
121,255,28
121,255,32
120,255,26
120,255,24
121,255,30
120,255,28
120,255,28
120,255,24
120,255,24
120,255,26
120,255,20
120,255,26
120,255,20
120,255,28
120,255,32
120,255,28
121,255,26
120,255,32
120,255,28
121,255,26
120,255,30
120,255,26
120,255,32
120,255,28
120,255,30
120,255,30
120,255,28
120,255,32
120,255,30
120,255,30
120,255,32
120,255,26
120,255,30
120,255,28
123,255,26
121,255,18
123,241,28
126,162,45
124,255,18
31,53,255
35,70,241
32,145,219
30,186,237
33,255,153
30,233,255
34,255,250
33,255,245
33,255,246
34,255,236
35,255,245
34,255,242
35,255,253
36,255,249
35,255,248
35,255,242
35,255,239
35,255,232
35,255,238
35,255,232
36,255,241
36,255,235
32,179,218
34,182,211
31,132,203
31,130,197
30,100,198
30,104,192
28,98,195
29,98,188
32,97,194
31,100,188
29,91,187
29,91,182
29,88,182
28,92,163
24,84,155
23,89,155
28,99,159
29,91,170
26,91,177
26,88,179
26,85,174
25,101,172
28,92,171
28,101,167
26,103,170
27,100,169
27,98,170
28,107,171
27,109,172
26,101,172
28,106,172
28,110,171
25,100,173
26,96,171
27,101,171
28,102,171
26,98,170
26,102,173
29,105,172
29,106,174
27,93,178
28,94,179
28,98,174
27,99,156
26,104,147
25,114,147
24,98,150
22,98,154
25,96,154
26,103,156
24,104,160
26,99,159
23,101,158
23,88,165
26,94,166
28,90,173
27,83,179
28,71,186
30,66,195
32,74,201
28,67,198
27,70,199
27,86,195
29,89,192
31,85,189
30,93,181
28,91,173
28,92,172
29,91,181
31,91,189
28,89,191
28,86,189
30,85,181
27,98,170
27,98,168
28,96,168
29,94,170
29,82,183
31,87,194
31,89,195
30,95,192
29,88,189
26,83,186
28,85,190
31,82,197
29,50,207
25,39,210
26,41,210
31,77,198
32,86,193
29,85,189
30,88,187
31,87,187
29,83,185
27,85,181
26,88,169
27,100,160
27,106,148
26,106,146
26,94,144
28,105,144
25,100,143
25,102,146
25,106,146
26,107,144
26,106,145
24,109,146
23,107,148
26,94,151
27,107,154
27,100,158
27,92,166
29,88,174
29,89,179
30,86,181
30,86,183
26,86,185
27,86,188
30,86,189
29,88,189
30,89,191
30,87,191
31,97,195
31,83,192
30,90,185
29,92,176
26,96,170
27,100,161
24,101,157
25,99,154
23,99,157
27,102,159
24,94,166
24,90,174
27,90,171
26,84,167
27,90,164
26,101,164
26,99,164
24,92,170
29,92,172
27,110,160
24,114,147
25,100,148
25,103,152
27,99,153
25,94,164
27,96,166
26,98,165
24,99,169
27,91,174
27,96,175
29,91,176
30,93,178
26,93,178
27,84,179
26,59,182
18,17,193
0,0,229
29,22,218
30,79,199
31,93,196
29,88,184
26,96,161
24,109,146
23,98,150
26,104,154
28,100,170
29,92,183
29,82,188
34,90,197
32,99,188
27,92,171
27,100,159
27,94,160
29,89,179
27,86,192
28,73,194
29,80,178
27,101,167
30,109,167
30,110,166
27,112,163
27,105,167
29,102,166
29,101,169
27,97,171
28,97,172
32,105,177
31,106,172
27,102,167
27,104,167
29,113,167
30,107,169
32,110,173
33,113,175
30,200,165
31,198,172
33,255,173
33,255,175
31,145,168
30,154,162
29,101,158
31,112,152
26,94,159
26,91,172
27,103,179
28,97,179
31,93,182
29,104,181
33,109,183
30,96,176
33,104,179
33,108,181
32,97,179
32,103,184
30,94,182
30,100,183
32,101,186
33,101,184
28,89,170
26,90,159
28,99,147
28,98,142
25,102,141
25,102,139
28,99,137
26,109,138
25,102,136
26,94,136
30,100,135
28,107,137
26,106,137
25,94,141
28,83,149
28,95,157
26,77,167
25,82,174
33,102,172
31,93,168
27,89,172
29,86,177
33,91,187
34,97,191
32,85,188
32,80,189
34,93,187
33,100,181
30,179,169
30,192,174
33,255,183
34,255,188
36,255,202
36,255,205
34,255,203
35,255,203
35,255,200
34,255,191
36,255,193
35,255,190
35,255,190
35,255,195
36,255,201
36,255,201
35,255,201
36,255,207
36,255,210
36,255,211
36,255,210
36,255,208
36,255,208
36,255,201
35,255,192
36,255,188
36,255,189
35,255,183
35,255,181
35,255,181
35,255,183
35,255,182
35,255,184
34,255,181
34,255,182
34,255,180
34,255,180
34,255,182
34,255,184
36,255,190
35,255,195
36,255,202
36,255,206
36,255,212
37,255,213
37,255,210
36,255,208
36,255,210
36,255,217
36,255,223
35,255,224
36,255,220
36,255,217
36,255,212
36,255,209
35,255,207
36,255,210
36,255,209
36,255,211
36,255,209
36,255,205
36,255,206
35,255,204
36,255,207
36,255,206
36,255,204
36,255,203
35,255,201
36,255,200
36,255,200
35,255,201
35,255,205
35,255,213
35,255,233
36,255,231
35,255,215
36,255,207
36,255,211
36,255,206
36,255,196
35,255,194
35,255,190
35,255,195
35,255,196
35,255,196
35,255,199
35,255,198
36,255,201
35,255,199
35,255,201
36,255,207
36,255,204
36,255,203
36,255,205
35,255,204
35,255,204
36,255,203
36,255,201
36,255,195
36,255,193
36,255,197
36,255,196
36,255,199
36,255,197
35,255,194
35,255,192
36,255,195
35,255,194
36,255,196
35,255,193
35,255,191
36,255,193
35,255,191
35,255,194
35,255,192
35,255,190
35,255,191
35,255,189
35,255,191
35,255,193
35,255,194
35,255,196
35,255,198
36,255,201
35,255,198
35,255,198
35,255,194
35,255,188
34,255,183
34,255,181
35,255,181
34,255,181
35,255,183
35,255,187
36,255,193
34,255,194
36,255,199
36,255,198
36,255,197
36,255,194
35,255,189
36,255,191
35,255,190
34,255,193
35,255,193
35,255,193
35,255,194
35,255,193
35,255,191
35,255,188
35,255,185
35,255,185
35,255,185
35,255,182
36,255,180
36,255,181
36,255,182
35,255,185
36,255,188
35,255,192
35,255,192
34,255,188
34,255,191
35,255,191
35,255,185
34,255,180
35,255,183
35,255,183
35,255,185
35,255,189
35,255,190
35,255,186
34,255,183
34,255,178
34,255,177
34,255,177
34,255,178
34,255,174
34,255,169
34,255,166
34,255,165
35,255,169
34,255,189
36,255,213
36,255,208
35,255,202
32,255,189
31,255,187
30,226,177
30,225,175
27,167,168
28,181,167
30,178,162
31,171,161
29,128,159
27,133,163
29,109,191
26,122,162
25,126,145
26,112,161
24,122,172
25,128,169
29,236,170
29,215,172
30,255,171
31,254,186
33,255,202
32,255,158
32,255,154
32,255,155
33,255,161
33,255,160
34,255,163
34,255,163
33,255,158
33,255,159
34,255,165
34,255,166
34,255,160
34,255,160
33,255,157
34,255,158
35,255,166
35,255,166
34,255,162
34,255,163
33,255,165
34,255,168
34,255,175
33,255,180
29,210,173
29,209,173
26,135,176
26,138,173
24,123,173
23,110,175
23,101,172
23,96,172
26,106,170
26,105,169
26,100,168
24,104,171
27,104,169
26,103,172
25,98,171
26,115,170
27,103,171
27,109,165
29,114,165
29,111,164
27,109,165
27,105,167
28,96,171
27,91,171
23,100,168
23,103,168
23,100,165
21,105,162
27,109,157
25,102,154
24,113,158
24,101,157
28,114,159
26,116,161
28,117,162
28,113,160
25,111,161
24,109,163
25,104,163
24,109,162
28,109,161
27,117,162
29,112,161
29,116,161
27,115,161
26,114,161
27,117,160
27,107,162
24,107,163
24,108,162
27,115,162
27,117,162
28,109,160
27,116,160
27,108,162
27,107,161
27,107,160
27,116,162
27,110,162
27,116,163
27,118,163
26,107,161
27,114,161
27,105,163
30,104,163
30,117,163
27,115,163
26,101,164
25,97,164
28,107,164
27,104,167
27,99,166
24,105,166
23,101,167
28,115,164
26,109,165
29,111,165
30,114,163
27,115,162
26,107,163
29,106,161
30,113,160
26,112,157
27,105,159
23,106,162
24,113,162
25,104,159
24,102,160
27,107,157
27,109,157
24,103,159
23,107,164
27,97,164
27,97,166
25,106,166
24,104,165
27,108,162
27,104,162
27,107,163
27,109,166
24,103,167
24,104,167
27,103,165
27,106,165
27,108,165
26,103,166
27,104,165
27,105,165
23,103,164
24,110,162
27,116,162
26,110,163
26,105,163
29,115,161
27,107,162
26,111,164
28,113,162
27,114,163
28,114,164
28,110,165
26,102,166
26,102,167
23,101,167
25,93,164
27,87,169
30,90,177
29,85,180
29,88,180
30,91,180
30,90,172
27,91,161
27,96,153
29,96,151
31,95,145
30,88,145
27,87,149
31,92,149
26,100,150
29,100,153
33,106,155
26,102,157
27,99,161
28,96,164
28,92,171
2